 0.00000     0.00000
 0.00321     0.00034
 0.01265     0.00131
 0.02805     0.00285
 0.04909     0.00485
 0.07549     0.00720
 0.10691     0.00973
 0.14303     0.01231
 0.18350     0.01475
 0.22796     0.01689
 0.27602     0.01856
 0.32727     0.01963
 0.38128     0.02000
 0.43759     0.01981
 0.49571     0.01926
 0.55507     0.01833
 0.61510     0.01703
 0.67512     0.01536
 0.73438     0.01337
 0.79199     0.01109
 0.84691     0.00860
 0.89780     0.00602
 0.94287     0.00350
 0.97927     0.00131
 1.00000    -0.00000
