    0.0004       0
    0.0027    0.0015
    0.0086    0.0051
    0.0181    0.0089
    0.0307    0.0130
    0.0462    0.0171
    0.0644    0.0212
    0.0852    0.0252
    0.1084    0.0291
    0.1338    0.0328
    0.1612    0.0363
    0.1903    0.0395
    0.2212    0.0425
    0.2546    0.0453
    0.2903    0.0477
    0.3281    0.0498
    0.3679    0.0515
    0.4093    0.0527
    0.4520    0.0536
    0.4957    0.0540
    0.5401    0.0540
    0.5846    0.0535
    0.6290    0.0524
    0.6513    0.0516
    0.7263    0.0487
    0.8012    0.0446
    0.8761    0.0377
    0.9508    0.0262
    0.9697    0.0220
    0.9845    0.0175
    0.9944    0.0136
    1.0000    0.0112