    0.0000   0.0000
    0.0023    0.0010
    0.0051    0.0033
    0.0088    0.0063
    0.0131    0.0092
    0.0180    0.0122
    0.0235    0.0152
    0.0299    0.0182
    0.0374    0.0215
    0.0464    0.0251
    0.0576    0.0292
    0.0715    0.0339
    0.0890    0.0392
    0.1104    0.0452
    0.1349    0.0513
    0.1613    0.0574
    0.1903    0.0636
    0.2217    0.0694
    0.2541    0.0742
    0.2865    0.0780
    0.3185    0.0809
    0.3502    0.0832
    0.3817    0.0848
    0.4130    0.0859
    0.4442    0.0865
    0.4752    0.0868
    0.5060    0.0866
    0.5367    0.0862
    0.5673    0.0853
    0.5978    0.0841
    0.6280    0.0825
    0.6580    0.0805
    0.6878    0.0781
    0.7173    0.0752
    0.7464    0.0719
    0.7749    0.0682
    0.8029    0.0640
    0.8302    0.0593
    0.8565    0.0542
    0.8815    0.0487
    0.9049    0.0428
    0.9262    0.0366
    0.9453    0.0302
    0.9623    0.0235
    0.9774    0.0159
    0.9912    0.0066
    1.0000         0